ponto	planta 	folhas	frutos 	botoes	caule	flores	masculino	feminino	florestotal	galhascaul	nflores	ntotalflores	massatotal	area_construida	solo_exposto	pastagem	agricultura	vegetacao	probgal
P1	B1	7.599	1.321	0.588	6.595	0.13	0.0284	0.0232	0.1816	2	7	38	17.4106	5.916	1.084	0	0	0	1
P1	B2	9.711	2.265	0.75	17.86	0.094	0.0249	0.02	0.1389	14	3	8	31.3579	5.916	1.084	0	0	0	1
P1	B3	10.428	1.901	1.421	17.974	0.2642	0.0455	0.0634	0.3731	11	20	25	32.5901	5.916	1.084	0	0	0	1
P1	B4	3.405	1.354	0.433	3.51	0.1337	0.0282	0.027	0.1889	4	10	15	10.0189	5.916	1.084	0	0	0	1
P1	B5	7.309	1.308	0.719	9.452	0.1073	0.0244	0.0177	0.1494	4	7	12	19.8554	5.916	1.084	0	0	0	1
P1	L1	7.005	1.54	0.575	8.482	0.0973	0.0166	0.0233	0.1372	0	6	11	18.5692	5.916	1.084	0	0	0	0
P1	L2	7.828	1.727	0.961	13.405	0.0585	0.0158	0.0138	0.0881	1	5	10	24.5121	5.916	1.084	0	0	0	1
P1	L3	16.04	2.964	1.78	21.149	0.2378	0.0411	0.0568	0.3357	3	15	20	43.3227	5.916	1.084	0	0	0	1
P1	L4	13.364	2.018	0.695	11.299	0.1447	0.0223	0.0407	0.2077	4	6	11	27.9327	5.916	1.084	0	0	0	1
P1	L5	8.809	2.764	0.779	14.192	0.0821	0.0158	0.0151	0.113	4	7	12	28.017	5.916	1.084	0	0	0	1
P2	B1	5.186	7.952	0.267	8.789	0.0929	0.0216	0.0292	0.1437	3	7	12	23.5517	2.191	0.58	2.175	2.054	0	1
P2	B2	42.249	12.104	3.77	67.282	0.5074	0.0747	0.1123	0.6944	10	37	42	126.7864	2.191	0.58	2.175	2.054	0	1
P2	B3	13.68	2.17	0.805	14.9	0.156	0.0257	0.0052	0.1869	0	10	15	32.6709	2.191	0.58	2.175	2.054	0	0
P2	B4	23.893	                    NA	1.622	38.142	0.2909	0.0391	0.0535	0.3835	0	18	23	66.2195	2.191	0.58	2.175	2.054	0	0
P2	B5	20.908	4.642	2.383	72.999	0.2204	0.0288	0.0416	0.2908	11	18	23	101.8588	2.191	0.58	2.175	2.054	0	1
P2	L1	6.668	1.387	0.873	16.227	0.0482	0.0078	0.0128	0.0688	4	5	10	27.2508	2.191	0.58	2.175	2.054	0	1
P2	L2	17.623	2.619	0.823	22.899	0.1323	0.0219	0.0297	0.1839	5	11	16	45.0199	2.191	0.58	2.175	2.054	0	1
P2	L3	9.804	1.178	1.633	14.548	0.2406	0.0407	0.0612	0.3425	0	15	20	28.9245	2.191	0.58	2.175	2.054	0	0
P2	L4	33.765	3.367	2.138	57.116	0.3923	0.0518	0.0806	0.5247	16	18	23	97.9117	2.191	0.58	2.175	2.054	0	1
P2	L5	27.97	0.789	2.475	28.192	0.1376	0.021	0.0168	0.1754	5	7	12	61.1024	2.191	0.58	2.175	2.054	0	1
P3	B1	14.118	2.937	1.816	35.26	0.2958	0.0382	0.0076	0.3416	13	24	29	54.8936	2.263	0.78	2.363	0.24	1.354	1
P3	B2	4.152	1.62	0.54	7.18	0.0823	0.0133	0.0125	0.1081	7	10	15	14.2291	2.263	0.78	2.363	0.24	1.354	1
P3	B3	10.605	2.406	1.206	30.345	0.2095	0.0241	0.0032	0.2368	6	16	21	45.2188	2.263	0.78	2.363	0.24	1.354	1
P3	B4	8.461	2.696	0.946	9.908	0.097	0.0075	0.0134	0.1179	3	6	11	23.0609	2.263	0.78	2.363	0.24	1.354	1
P3	B5	21.226	3.45	1.95	21.718	0.7257	0.0096	0.0714	0.8067	10	40	45	50.3107	2.263	0.78	2.363	0.24	1.354	1
P3	L1	10.966	4.269	1.726	19.182	0.2074	0.02	0.033	0.2604	14	13	18	37.1554	2.263	0.78	2.363	0.24	1.354	1
P3	L2	6.211	1.511	0.637	12.006	0.0313	0.0019	0.0032	0.0364	4	3	8	20.7714	2.263	0.78	2.363	0.24	1.354	1
P3	L3	7.909	1.143	0.334	17.23	0.0551	0.0056	0.0068	0.0675	5	4	9	27.5115	2.263	0.78	2.363	0.24	1.354	1
P3	L4	7.107	2.72	0.569	8.805	NA	0.0027	0.0136	NA	10	6	11	20.3103	2.263	0.78	2.363	0.24	1.354	1
P3	L5	7.461	1.816	1.447	10.621	0.1308	0.0116	0.0267	0.1691	5	11	16	21.9771	2.263	0.78	2.363	0.24	1.354	1
P4	B1	23.033	6.041	4.107	36.883	0.8805	0.0829	0.0247	0.9881	1	45	50	71.8811	2.617	0.89	2.656	0.49	0.347	1
P4	B2	13.157	4.639	2.482	18.761	0.5335	0.0771	0.0746	0.6852	4	29	34	40.9792	2.617	0.89	2.656	0.49	0.347	1
P4	B3	17.36	3.186	3.126	21.208	0.468	0.0678	0.11	0.6458	9	25	30	47.0488	2.617	0.89	2.656	0.49	0.347	1
P4	B4	16.082	3.273	2.126	30.225	0.196	0.0266	0.0304	0.253	2	12	17	53.06	2.617	0.89	2.656	0.49	0.347	1
P4	B5	6.722	0.75	1.389	5.584	0.1676	0.0277	0.0224	0.2177	1	7	12	16.0177	2.617	0.89	2.656	0.49	0.347	1
P4	L1	37.793	9.822	3.039	56.42	0.3609	0.0669	0.0872	0.515	10	20	25	108.398	2.617	0.89	2.656	0.49	0.347	1
P4	L2	6.527	1.97	1.167	8.4	0.1092	0.0185	0.0338	0.1615	0	5	10	19.2785	2.617	0.89	2.656	0.49	0.347	0
P4	L3	5.437	1.296	0.972	11.633	0.071	0.0154	0.0203	0.1067	1	5	10	21.0627	2.617	0.89	2.656	0.49	0.347	1
P4	L4	31.387	10.686	5.572	48.435	0.6246	0.065	0.1315	0.8211	4	31	36	97.9311	2.617	0.89	2.656	0.49	0.347	1
P4	L5	5.121	1.474	0.692	8.402	0.1171	0.02	0.0111	0.1482	5	7	12	16.4562	2.617	0.89	2.656	0.49	0.347	1
P5	B1	13.123	2.95	2.735	12.688	0.3417	0.0611	0.0438	0.4466	2	21	26	33.3626	2.326	0.601	3.841	0	0.232	1
P5	B2	16.063	1.614	2.65	16.12	0.3192	0.0699	0.06	0.4491	7	18	23	38.3731	2.326	0.601	3.841	0	0.232	1
P5	B3	4.411	0.962	0.945	5.338	0.1154	0.0271	0.0148	0.1573	2	7	12	13.2363	2.326	0.601	3.841	0	0.232	1
P5	B4	6.84	1.2	1.461	7.408	0.2279	0.0356	0.0271	0.2906	4	15	20	18.4976	2.326	0.601	3.841	0	0.232	1
P5	B5	8.694	0.721	0.843	9.92	0.1438	0.0346	0.0148	0.1932	1	8	13	21.5672	2.326	0.601	3.841	0	0.232	1
P5	L1	4.774	1.37	0.88	5.223	0.1188	0.0187	0.0331	0.1706	0	6	11	13.9656	2.326	0.601	3.841	0	0.232	0
P5	L2	5.414	1.612	1.135	5.813	0.2492	0.0379	0.0517	0.3388	9	12	17	15.9538	2.326	0.601	3.841	0	0.232	1
P5	L3	8.092	0.728	1.665	7.342	0.2749	0.0375	0.0168	0.3292	1	22	27	19.5302	2.326	0.601	3.841	0	0.232	1
P5	L4	3.076	0.708	0.628	2.304	0.0915	0.0187	0.0135	0.1237	2	7	12	7.6777	2.326	0.601	3.841	0	0.232	1
P5	L5	9.353	1.217	0.976	7.552	0.2229	0.0413	0.0405	0.3047	0	17	22	20.5467	2.326	0.601	3.841	0	0.232	0
P6	B1	6.533	1.069	0.567	6.891	0.0608	0.0096	0.0058	0.0762	5	4	9	16.2232	4.106	1.792	0	0	1.102	1
P6	B2	6.982	1.057	0.807	11.01	0.1284	0.0055	0.0413	0.1752	11	8	13	21.0052	4.106	1.792	0	0	1.102	1
P6	B3	11.358	1.851	2.072	14.212	0.3254	0.0433	NA	NA	3	16	21	31.3047	4.106	1.792	0	0	1.102	1
P6	B4	6.376	2.484	1.168	15.135	0.3358	0.0438	0.0109	0.3905	2	15	20	26.2915	4.106	1.792	0	0	1.102	1
P6	B5	8.476	3.02	1.23	12.276	0.2947	0.0354	0.0437	0.3738	0	15	20	25.9188	4.106	1.792	0	0	1.102	0
P6	L1	5.128	0.154	1.029	6.599	0.2216	0.0434	0.0541	0.3191	0	14	19	14.7301	4.106	1.792	0	0	1.102	0
P6	L2	5.013	1.907	0.44	5.579	0.1796	0.041	0.0421	0.2627	5	9	14	13.9617	4.106	1.792	0	0	1.102	1
P6	L3	5.359	1.116	1.359	9.917	0.1211	0.0181	0.0308	0.17	6	24	29	18.61	4.106	1.792	0	0	1.102	1
P6	L4	9.067	1.498	0.912	8.95	0.2168	0.044	0.0193	0.2801	7	13	18	21.1761	4.106	1.792	0	0	1.102	1
P6	L5	4.329	0.641	1.788	5.453	0.4501	0.0303	0.0212	0.5016	1	5	10	13.7936	4.106	1.792	0	0	1.102	1
P7	B1	10.806	3.04	1.884	10.871	0.2593	0.0477	0.0503	0.3573	2	12	17	28.8483	3.07	3.93	0	0	0	1
P7	B2	9.7	1.437	1.08	9.631	0.1292	0.0215	0.0265	0.1772	0	5	10	23.9482	3.07	3.93	0	0	0	0
P7	B3	6.662	1.011	0.688	6.755	0.0836	0.0186	0.0212	0.1234	1	6	11	16.2014	3.07	3.93	0	0	0	1
P7	B4	4.11	1.218	0.411	3.938	0.0882	0.0134	0.0204	0.122	0	6	11	11.311	3.07	3.93	0	0	0	0
P7	B5	8.004	2.638	1.26	9.69	0.2651	0.0312	0.0329	0.3292	3	11	16	23.2502	3.07	3.93	0	0	0	1
P7	L1	6.361	4.025	1.114	7.578	0.2227	0.0493	0.0567	0.3287	16	14	19	20.8907	3.07	3.93	0	0	0	1
P7	L2	4.212	0.882	0.602	4.496	0.0763	0.0098	0.0165	0.1026	0	6	11	11.4596	3.07	3.93	0	0	0	0
P7	L3	13.126	0.992	1.198	12.057	0.1455	0.0205	0.0324	0.1984	4	7	12	29.5294	3.07	3.93	0	0	0	1
P7	L4	8.982	6.795	1.028	12.672	0.3997	0.0485	0.099	0.5472	10	34	39	31.2772	3.07	3.93	0	0	0	1
P7	L5	5.078	2.375	0.894	5.717	0.0328	0.008	0.0072	0.048	0	2	7	15.217	3.07	3.93	0	0	0	0
P8	B1	7.36	2.384	0.707	7.705	0.3079	0.0596	0.0637	0.4312	0	28	33	19.9682	4.455	0.215	2.33	0	0	0
P8	B2	4.76	1.678	1.631	6.527	0.0897	0.0181	0.0215	0.1293	0	5	10	16.6773	4.455	0.215	2.33	0	0	0
P8	B3	7.48	1.85	0.884	9.224	0.2735	0.0326	0.0418	0.3479	1	12	17	21.1509	4.455	0.215	2.33	0	0	1
P8	B4	5.161	1.036	0.517	5.201	0.1456	0.0241	0.0307	0.2004	0	8	13	13.3634	4.455	0.215	2.33	0	0	0
P8	B5	5.638	2.776	0.699	5.005	0.1126	0.0276	0.0137	0.1539	1	11	16	15.2239	4.455	0.215	2.33	0	0	1
P8	L1	5.404	1.38	0.797	4.138	0.098	0.0164	0.0264	0.1408	0	7	12	12.7748	4.455	0.215	2.33	0	0	0
P8	L2	11.333	4.347	0.753	10.343	0.1124	0.0264	0.0493	0.1881	0	12	17	28.3601	4.455	0.215	2.33	0	0	0
P8	L3	4.48	2.097	0.444	5.235	0.1542	0.0194	0.0253	0.1989	0	8	13	13.4819	4.455	0.215	2.33	0	0	0
P8	L4	4.603	3.387	0.717	4.758	0.2235	0.0305	0.0469	0.3009	0	14	19	15.0779	4.455	0.215	2.33	0	0	0
P8	L5	15.092	2.681	2.015	15.608	0.4048	0.0606	0.1094	0.5748	0	29	34	36.5508	4.455	0.215	2.33	0	0	0
P9	B1	8.699	1.253	0.713	5.655	0.2868	0.0346	0.0363	0.3577	0	16	21	17.3027	4.57	2.43	0	0	0	0
P9	B2	5.19	0.96	0.547	4.437	NA	0.0058	0.004	NA	1	7	12	11.7658	4.57	2.43	0	0	0	1
P9	B3	5.548	1.349	0.792	8.746	0.1213	0.0167	0.0168	0.1548	1	11	16	17.0408	4.57	2.43	0	0	0	1
P9	B4	8.436	1.908	0.539	5.088	0.1257	0.0164	0.0001	0.1422	0	8	13	16.8072	4.57	2.43	0	0	0	0
P9	B5	16.627	3.983	1.52	17.847	0.2179	0.0291	0.0378	0.2848	0	13	18	40.9918	4.57	2.43	0	0	0	0
P9	L1	18.436	3.419	1.194	21.04	0.0978	0.0139	0.0178	0.1295	1	8	13	44.9935	4.57	2.43	0	0	0	1
P9	L2	11.103	1.15	0.566	9.364	0.1606	0.0118	0.0233	0.1957	6	5	10	23.0687	4.57	2.43	0	0	0	1
P9	L3	13.177	4.14	0.9	9.729	0.4527	0.0155	0.0753	0.5435	0	17	22	29.2165	4.57	2.43	0	0	0	0
P9	L4	3.041	0.6	0.175	2.732	0.0309	0.0063	0.0098	0.047	0	3	8	7.015	4.57	2.43	0	0	0	0
P9	L5	9.581	1.204	1.115	13.776	0.2511	0.0227	0.048	0.3218	0	13	18	26.7498	4.57	2.43	0	0	0	0
P10	B1	9.448	2.744	1.182	12.314	0.1894	0.0272	0.0298	0.2464	2	13	18	26.6244	4.55	1.271	0.818	0.232	0.129	1
P10	B2	8.622	1.604	0.801	12.439	0.1877	0.0247	0.0451	0.2575	1	17	22	24.1995	4.55	1.271	0.818	0.232	0.129	1
P10	B3	20.317	3.476	0.78	39.912	0.2137	0.0352	0.0449	0.2938	3	16	21	65.9678	4.55	1.271	0.818	0.232	0.129	1
P10	B4	7.129	1.449	0.521	7.975	0.0464	0.0083	0.0147	0.0694	1	3	8	18.3564	4.55	1.271	0.818	0.232	0.129	1
P10	B5	7.915	0.289	0.243	6.865	0.0726	NA 	0.017	NA	0	6	11	16.1156	4.55	1.271	0.818	0.232	0.129	0
P10	L1	12.604	3.311	0.999	19.1	0.2351	0.0361	0.0568	0.328	0	23	28	37.838	4.55	1.271	0.818	0.232	0.129	0
P10	L2	5.065	0.991	0.535	9.447	0.1013	0.0152	0.0221	0.1386	7	8	13	17.0666	4.55	1.271	0.818	0.232	0.129	1
P10	L3	16.457	2.587	1.72	26.105	0.1804	0.015	0.0157	0.2111	0	12	17	48.3381	4.55	1.271	0.818	0.232	0.129	0
P10	L4	19.404	3.106	2.139	21.591	0.3687	0.0306	0.052	0.4513	0	26	31	47.7243	4.55	1.271	0.818	0.232	0.129	0
P10	L5	6.288	0.224	0.718	10.079	0.0745	0.0117	0.0231	0.1093	3	8	13	18.0883	4.55	1.271	0.818	0.232	0.129	1
P11	B1	5.076	0.725	0.595	6.954	0.0689	0.0095	0.0216	0.1	5	7	12	14.62	5.023	0.589	0.502	0.125	0.761	1
P11	B2	6.57	3.333	0.861	8.401	0.1417	0.0422	0.0265	0.2104	35	10	15	20.1014	5.023	0.589	0.502	0.125	0.761	1
P11	B3	16.942	2.405	1.767	24.724	0.1175	0.0121	0.012	0.1416	55	9	14	47.4406	5.023	0.589	0.502	0.125	0.761	1
P11	B4	6.463	1.996	0.567	5.958	0.0392	0.0075	0.0069	0.0536	13	5	10	16.0226	5.023	0.589	0.502	0.125	0.761	1
P11	B5	7.467	0.975	0.877	12.926	0.0287	0.0094	0.0052	0.0433	29	3	8	23.4123	5.023	0.589	0.502	0.125	0.761	1
P11	L1	9.095	0.965	1.219	13.707	0.1199	0.0122	0.0322	0.1643	34	10	15	25.7033	5.023	0.589	0.502	0.125	0.761	1
P11	L2	10.113	2.117	0.795	23.582	0.0656	0.0089	0.0289	0.1034	25	12	17	37.4134	5.023	0.589	0.502	0.125	0.761	1
P11	L3	6.421	1.807	0.381	12.763	0.018	0.001	0.0033	0.0223	18	3	8	21.9743	5.023	0.589	0.502	0.125	0.761	1
P11	L4	3.459	0.148	0.332	6.535	0.0382	0.007	0.0172	0.0624	22	4	9	11.0394	5.023	0.589	0.502	0.125	0.761	1
P11	L5	2.885	0.294	0.494	3.224	0.0237	0.0021	0.0087	0.0345	3	3	8	7.4495	5.023	0.589	0.502	0.125	0.761	1
P12	B1	15.592	1.551	0.554	24.864	0.1599	0.0179	0.0301	0.2079	1	10	15	43.8099	5.199	0.324	0.558	0.252	0.667	1
P12	B2	5.005	0.932	0.649	17.314	0.0754	0.0122	0.0146	0.1022	0	5	10	25.0042	5.199	0.324	0.558	0.252	0.667	0
P12	B3	18.304	2.834	0.81	38.878	0.3596	0.0543	0.0659	0.4798	1	23	28	62.4038	5.199	0.324	0.558	0.252	0.667	1
P12	B4	18.921	2.304	0.237	30.03	0.0849	0.0076	0.0093	0.1018	1	4	9	53.0098	5.199	0.324	0.558	0.252	0.667	1
P12	B5	12.091	0.819	0.765	22.215	0.0863	0.0117	0.0175	0.1155	0	5	10	37.4805	5.199	0.324	0.558	0.252	0.667	0
P12	L1	16.499	1.739	1.757	21.488	0.1094	0.0123	0.0104	0.1321	24	7	12	42.2551	5.199	0.324	0.558	0.252	0.667	1
P12	L2	16.047	2.469	0.946	22.609	0.164	0.0185	0.0319	0.2144	0	8	13	43.9174	5.199	0.324	0.558	0.252	0.667	0
P12	L3	16.111	0.683	3.338	31.015	0.119	0.0095	0.0182	0.1467	3	6	11	52.6567	5.199	0.324	0.558	0.252	0.667	1
P12	L4	10.602	2.351	0.793	26.705	0.0752	0.0086	0.0127	0.0965	2	3	8	41.4805	5.199	0.324	0.558	0.252	0.667	1
P12	L5	12.434	3.356	0.954	25.016	0.2251	0.0228	0.0266	0.2745	0	13	18	43.4265	5.199	0.324	0.558	0.252	0.667	0
P13	B1	8.966	1.978	0.658	10.203	0.1705	0.0355	0.023	0.229	2	13	18	23.508	4.678	0.946	1.12	0.136	0.12	1
P13	B2	10.766	3.02	0.791	9.412	0.1141	0.0256	0.033	0.1727	3	7	12	26.1667	4.678	0.946	1.12	0.136	0.12	1
P13	B3	7.271	2.66	0.58	6.703	0.1427	0.0261	0.0341	0.2029	1	8	13	19.4139	4.678	0.946	1.12	0.136	0.12	1
P13	B4	6.822	0.741	0.326	6.014	0.1139	0.0111	0.0233	0.1483	1	7	12	15.9163	4.678	0.946	1.12	0.136	0.12	1
P13	B5	5.857	2.639	1.004	5.892	0.4063	0.0372	0.0444	0.4879	1	33	38	17.0289	4.678	0.946	1.12	0.136	0.12	1
P13	L1	5.074	1.109	0.401	5.606	0.1851	0.0052	0.012	0.2023	4	5	10	13.0933	4.678	0.946	1.12	0.136	0.12	1
P13	L2	4.169	2.505	0.46	5.394	0.1411	0.0222	0.0251	0.1884	2	8	13	13.8214	4.678	0.946	1.12	0.136	0.12	1
P13	L3	5.378	0.954	0.647	4.52	0.208	0.0277	0.0401	0.2758	0	11	16	13.0848	4.678	0.946	1.12	0.136	0.12	0
P13	L4	17.724	6.324	0.847	17.215	0.3567	0.0551	0.0721	0.4839	0	27	32	43.7819	4.678	0.946	1.12	0.136	0.12	0
P13	L5	5.886	0.62	1.089	6.371	0.185	0.0195	0.0189	0.2234	0	10	15	16.0374	4.678	0.946	1.12	0.136	0.12	0
P14	B1	13.1	2.071	0.84	26.187	0.3608	0.0475	0.0841	0.4924	2	42	47	43.5624	1.842	0.145	3.919	0.752	0.342	1
P14	B2	23.841	4.888	1.659	42.878	0.1684	0.0174	0.0317	0.2175	3	9	14	74.6595	1.842	0.145	3.919	0.752	0.342	1
P14	B3	11.496	0.6	1.315	21.704	0.1335	0.024	0.039	0.1965	1	11	16	36.0595	1.842	0.145	3.919	0.752	0.342	1
P14	B4	2.147	0.375	0.244	6.475	0.0699	0.0127	0.013	0.0956	2	6	11	9.8136	1.842	0.145	3.919	0.752	0.342	1
P14	B5	10.125	0.549	0.9	19.307	0.217	0.0129	0.0193	0.2492	1	5	10	32.1882	1.842	0.145	3.919	0.752	0.342	1
P14	L1	10.334	2.666	0.533	15.569	0.0865	0.0189	NA	NA	1	7	12	29.9234	1.842	0.145	3.919	0.752	0.342	1
P14	L2	6.358	1.613	0.377	13.996	0.1334	0.0119	0.008	0.1533	0	6	11	23.2483	1.842	0.145	3.919	0.752	0.342	0
P14	L3	11.412	4.466	1.045	19.859	0.205	0.0183	0.0218	0.2451	5	9	14	37.9071	1.842	0.145	3.919	0.752	0.342	1
P14	L4	12.539	4.219	0.991	20.118	0.2724	0.0391	0.0684	0.3799	1	20	25	39.5139	1.842	0.145	3.919	0.752	0.342	1
P14	L5	4.779	0.941	0.332	26.203	0.0623	0.0089	0.0166	0.0878	0	5	10	33.1118	1.842	0.145	3.919	0.752	0.342	0
